50136 122.52  52.97  433.0
50246 124.72  52.35  361.9
50349 124.33  51.70  494.6
50353 126.65  51.72  177.4
50425 120.18  50.25  581.4
50434 121.68  50.48  732.6
50442 124.12  50.40  371.7
50468 127.45  50.25  166.4
50514 117.43  49.57  661.7
50527 119.75  49.22  610.2
50548 123.72  49.20  286.1
50557 125.23  49.17  242.2
50564 127.35  49.43  234.5
50603 116.82  48.67  554.2
50618 118.27  48.22  642.0
50632 121.92  48.77  739.7
50639 122.73  48.00  306.5
50656 126.52  48.28  269.7
50658 125.88  48.05  234.6
50727 119.95  47.17 1027.4
50742 124.48  47.80  162.7
50745 123.92  47.38  145.9
50756 126.97  47.43  239.2
50758 125.90  47.17  249.2
50774 128.92  47.73  240.9
50775 130.33  47.37  227.9
50788 131.98  47.23   64.2
50834 121.22  46.60  499.7
50838 122.05  46.08  274.7
50844 123.42  46.40  149.5
50853 126.97  46.62  179.6
50854 125.32  46.38  149.3
50862 128.02  46.98  210.5
50873 130.28  46.82   81.2
50877 129.58  46.30  100.1
50888 132.18  46.32   83.0
50915 116.97  45.52  838.7
50936 122.83  45.63  155.2
50948 124.02  45.00  146.3
50949 124.83  45.12  134.7
50950 125.25  45.70  148.7
50953 126.77  45.75  142.3
50963 128.73  45.97  108.6
50968 127.97  45.22  189.7
50978 130.95  45.28  238.3
50983 132.97  45.77  100.2
51053  86.40  48.05  532.6
51059  85.87  47.43  984.1
51068  87.47  47.12  500.9
51076  88.08  47.73  735.3
51087  89.52  46.98  807.5
51133  83.00  46.73  534.9
51156  85.72  46.78 1291.6
51186  90.38  46.67 1218.2
51232  82.58  45.18  284.8
51241  83.60  45.93 1077.8
51243  84.85  45.62  449.5
51288  90.53  45.37 1653.7
51330  81.02  44.97 1354.6
51334  82.90  44.62  320.1
51346  84.67  44.43  478.7
51356  86.05  44.32  442.9
51365  87.53  44.20  440.5
51379  89.57  44.02  793.5
51431  81.33  43.95  662.5
51437  81.13  43.15 1851.0
51463  87.62  43.78  917.9
51467  86.30  42.73 1739.0
51477  88.32  43.35 1103.5
51495  91.63  43.48  873.2
51526  88.22  42.23  922.4
51542  84.15  43.03 2458.0
51567  86.57  42.08 1055.3
51573  89.20  42.93   34.5
51628  80.23  41.17 1103.8
51633  81.90  41.78 1229.2
51642  84.25  41.78  976.1
51644  83.07  41.72 1081.9
51656  86.13  41.75  931.5
51701  75.40  40.52 3504.4
51705  75.25  39.72 2175.7
51709  75.98  39.47 1288.7
51711  78.45  40.93 1984.9
51716  78.57  39.80 1116.5
51720  79.05  40.50 1161.8
51730  81.05  40.50 1012.2
51765  87.70  40.63  846.0
51777  88.17  39.03  888.3
51804  75.23  37.78 3090.9
51811  77.27  38.43 1231.2
51818  78.28  37.62 1375.4
51828  79.93  37.13 1374.5
51839  82.72  37.07 1409.3
51848  83.65  37.93 1262.8
51855  85.55  38.15 1247.5
51886  90.85  38.25 2944.8
51931  81.65  36.85 1422.0
52101  93.00  43.60 1650.0
52118  94.70  43.27 1728.6
52203  93.52  42.82  737.2
52267 101.07  41.95  940.5
52313  94.67  41.53 1700.0
52323  97.03  41.80 1770.1
52343  99.90  41.93  965.6
52378 102.37  41.37  960.0
52418  94.68  40.15 1139.0
52424  95.77  40.53 1170.8
52436  97.03  40.27 1526.0
52441  98.62  40.72 1591.0
52446  99.52  40.30 1177.4
52447  98.90  40.00 1270.2
52495 104.80  40.17 1323.9
52533  98.48  39.77 1477.2
52546  99.83  39.37 1332.2
52576 101.68  39.22 1510.1
52602  93.33  38.75 2770.0
52633  98.42  38.80 3367.0
52645  99.58  38.42 3320.0
52652 100.43  38.93 1482.7
52657 100.25  38.18 2787.4
52661 101.08  38.80 1764.6
52674 101.97  38.23 1976.1
52679 102.67  37.92 1530.9
52681 103.08  38.63 1367.0
52707  93.68  36.80 2767.0
52713  95.37  37.85 3173.2
52737  97.37  37.37 2981.5
52754 100.13  37.33 3301.5
52765 101.62  37.38 2850.0
52787 102.87  37.20 3045.1
52788 103.50  37.12 2726.6
52797 104.05  37.18 1630.5
52818  94.90  36.42 2807.6
52825  96.42  36.43 2790.4
52836  98.10  36.30 3191.1
52842  99.08  36.78 3087.6
52856 100.62  36.27 2835.0
52866 101.75  36.72 2295.2
52868 101.43  36.03 2237.1
52876 102.85  36.32 1813.9
52889 103.88  36.05 1517.2
52895 104.68  36.57 1398.2
52908  93.08  35.22 4612.2
52943  99.98  35.58 3323.2
52957 100.65  35.27 3289.4
52968 101.47  35.03 3662.8
52974 102.02  35.52 2491.4
52983 104.15  35.87 1874.4
52984 103.18  35.58 1917.0
52986 103.87  35.37 1886.6
52993 105.08  35.68 2012.2
52996 105.00  35.38 2450.6
53068 111.97  43.65  964.7
53083 114.15  44.62 1181.6
53149 110.13  42.53 1225.2
53192 114.95  44.02 1126.1
53195 111.63  43.87 1036.7
53231 106.40  41.40 1509.6
53276 112.90  42.40 1150.8
53336 108.52  41.57 1288.0
53352 110.43  41.70 1376.6
53362 111.68  41.53 1490.1
53391 114.00  41.90 1482.7
53399 114.70  41.15 1393.3
53420 107.13  40.90 1056.7
53446 109.85  40.67 1067.2
53463 111.68  40.82 1063.0
53478 112.45  40.00 1345.8
53480 113.07  41.03 1419.3
53487 113.33  40.10 1067.2
53502 105.75  39.78 1031.8
53513 107.42  40.75 1039.3
53519 106.77  39.22 1091.0
53529 107.98  39.10 1380.3
53543 109.98  39.83 1460.4
53545 109.73  39.57 1329.3
53564 111.15  39.38  861.5
53588 113.52  38.95 2208.3
53593 114.57  39.83  909.5
53602 105.67  38.83 1561.4
53614 106.22  38.48 1111.4
53615 106.70  38.80 1101.6
53646 109.70  38.23 1057.5
53663 111.82  38.92 1401.0
53664 111.13  38.47 1012.6
53673 112.72  38.73  828.2
53698 114.42  38.03   81.0
53704 105.18  37.53 1225.7
53705 105.67  37.48 1183.3
53723 107.40  37.78 1347.8
53725 107.58  37.58 1360.3
53738 108.17  36.92 1331.4
53740 109.23  37.93 1111.0
53754 110.22  37.50  929.7
53764 111.10  37.50  950.8
53772 112.55  37.78  778.3
53782 113.55  37.85  741.9
53787 112.98  37.07 1041.4
53798 114.50  37.07   76.8
53806 105.65  36.57 1854.2
53810 105.90  36.98 1343.9
53817 106.27  36.00 1753.0
53821 107.30  36.58 1255.6
53845 109.50  36.60  958.5
53853 110.95  36.70 1052.7
53863 111.92  37.03  743.9
53868 111.50  36.07  449.5
53882 113.07  36.05  991.8
53887 113.12  36.20  926.5
53898 114.37  36.12   75.5
53903 105.72  35.97 1916.5
53915 106.67  35.55 1346.6
53923 107.63  35.73 1421.0
53929 107.80  35.20 1206.5
53942 109.50  35.82 1159.8
53947 109.07  35.08  978.9
53959 111.02  35.03  376.0
53963 111.37  35.65  433.8
53975 112.40  35.48  659.5
53986 113.88  35.32   72.7
54012 117.60  44.58  995.9
54026 120.90  44.57  265.0
54027 119.40  43.98  484.4
54041 123.07  44.78  149.5
54049 123.97  44.25  189.3
54063 126.00  44.97  196.6
54094 129.60  44.57  241.4
54096 131.15  44.38  496.7
54102 116.07  43.95  989.5
54115 118.07  43.60  799.0
54134 121.28  43.60  241.0
54135 122.27  43.60  178.5
54142 123.53  43.50  114.9
54157 124.33  43.18  164.2
54161 125.22  43.90  236.8
54169 126.02  43.30  271.6
54172 126.47  43.95  183.4
54181 127.33  43.70  295.0
54186 128.20  43.37  523.7
54192 130.25  43.70  466.8
54195 129.77  43.33  241.7
54208 116.47  42.18 1245.4
54213 119.03  42.95  631.8
54218 118.93  42.27  568.0
54226 120.70  42.33  400.5
54236 122.53  42.42   79.4
54237 121.72  42.08  166.8
54254 124.05  42.53   98.2
54259 124.92  42.10  237.2
54266 125.63  42.53  339.9
54273 126.75  42.98  263.3
54276 126.82  42.35  549.2
54284 127.57  42.10  774.2
54285 128.25  42.53  591.4
54287 128.08  42.02 2623.9
54292 129.47  42.88  176.8
54308 116.63  41.22  661.2
54311 117.75  41.93  842.8
54324 120.45  41.55  169.9
54326 119.70  41.38  421.7
54333 122.83  41.98   30.7
54335 122.08  41.68   37.5
54337 121.12  41.13   65.9
54339 123.00  41.08   77.3
54342 123.45  41.73   44.7
54346 123.78  41.32  185.2
54351 124.08  41.92  118.5
54363 125.90  41.68  402.9
54365 125.35  41.27  240.3
54374 126.92  41.80  332.7
54377 126.15  41.10  177.7
54386 128.17  41.35 1016.7
54401 114.88  40.78  724.2
54405 115.50  40.40  536.8
54416 116.87  40.38   71.6
54423 117.93  40.97  377.2
54429 117.95  40.20   54.9
54436 118.95  40.40  227.5
54449 119.60  39.93    2.6
54454 120.35  40.35   15.3
54455 120.70  40.58    8.5
54471 122.27  40.67    3.3
54476 122.15  40.17   20.4
54483 123.90  40.88  233.4
54486 123.28  40.28   79.8
54493 124.78  40.72  260.1
54497 124.33  40.05   13.8
54511 116.47  39.80   31.3
54518 116.38  39.12    9.0
54527 117.07  39.08    2.5
54534 118.15  39.67   27.8
54539 118.88  39.43   10.5
54563 122.02  39.63  118.5
54575 122.37  39.42   43.2
54584 122.95  39.72   34.8
54602 115.52  38.85   17.2
54606 115.73  38.23   18.9
54616 116.83  38.33    9.6
54623 117.72  39.00    2.8
54624 117.35  38.37    6.6
54662 121.63  38.90   91.5
54705 115.38  37.37   27.4
54714 116.32  37.43   21.2
54725 117.52  37.50   11.7
54736 118.67  37.43    6.0
54751 120.72  37.93   39.7
54753 120.32  37.62    4.8
54765 121.40  37.53   46.7
54774 122.13  37.47   65.4
54776 122.68  37.40   47.7
54808 115.58  36.03   42.7
54823 116.98  36.68   51.6
54826 117.10  36.25 1533.7
54827 117.15  36.17  128.8
54830 118.00  36.83   34.0
54836 118.15  36.18  303.3
54843 119.18  36.75   22.2
54852 120.73  36.97   54.4
54857 120.33  36.07   76.0
54863 121.17  36.77   65.2
54868 121.38  36.27   70.5
54871 122.43  36.87   21.9
54906 115.43  35.25   49.7
54916 116.85  35.57   51.7
54936 118.83  35.58  107.4
54938 118.35  35.05   87.9
54945 119.53  35.38   16.1
55228  80.08  32.50 4278.0
55248  84.42  32.15 4414.9
55279  90.02  31.38 4700.0
55294  91.10  32.35 4800.0
55299  92.07  31.48 4507.0
55437  81.25  30.28 3900.0
55472  88.63  30.95 4672.0
55493  91.10  30.48 4200.0
55569  87.60  29.08 4000.0
55572  89.10  29.68 4000.0
55578  88.88  29.25 3836.0
55585  90.17  29.43 3809.4
55589  90.98  29.30 3555.3
55591  91.13  29.67 3648.7
55593  91.73  29.85 3804.3
55598  91.77  29.25 3551.7
55655  85.97  28.18 3810.0
55664  87.08  28.63 4300.0
55680  89.60  28.92 4040.0
55681  90.40  28.97 4432.4
55690  91.95  27.98 4280.0
55696  92.47  28.42 3860.0
55773  89.08  27.73 4300.0
56004  92.43  34.22 4533.1
56016  95.60  33.85 4179.0
56018  95.30  32.90 4066.4
56021  95.78  34.13 4175.0
56029  97.02  33.02 3681.2
56033  98.22  34.92 4272.3
56034  97.13  33.80 4415.4
56038  98.10  32.98 4200.0
56041  99.20  34.27 4211.1
56043 100.25  34.47 3719.0
56046  99.65  33.75 3967.5
56065 101.60  34.73 3500.0
56067 101.48  33.43 3628.5
56074 102.08  34.00 3471.4
56075 102.63  34.08 3362.7
56079 102.97  33.58 3439.6
56080 102.90  35.00 2910.0
56093 104.02  34.43 2315.0
56096 104.92  33.40 1079.1
56106  93.78  31.88 4022.8
56109  93.78  31.48 3940.0
56116  95.60  31.42 3873.1
56125  96.48  32.20 3643.7
56128  96.60  31.22 3810.0
56132  98.00  32.47 3242.1
56137  97.17  31.15 3306.0
56144  98.58  31.80 3184.0
56146 100.00  31.62 3393.5
56151 100.75  32.93 3530.0
56152 100.33  32.28 3893.9
56167 101.12  30.98 2957.2
56171 101.70  32.90 3275.1
56172 102.23  31.90 2664.4
56173 102.55  32.80 3491.6
56178 102.35  31.00 2369.2
56182 103.57  32.65 2850.7
56188 103.67  30.98  706.7
56193 104.52  32.42  876.5
56196 104.68  31.47  470.8
56202  93.28  30.67 4488.8
56223  95.83  30.75 3640.0
56227  95.77  29.87 2736.0
56228  96.92  30.05 3260.0
56247  99.10  30.00 2589.2
56251 100.32  30.93 3000.0
56257 100.27  30.00 3948.9
56265 101.48  30.48 3449.0
56287 103.00  29.98  627.6
56294 104.02  30.67  506.1
56298 104.65  30.12  357.0
56307  92.58  29.15 3260.0
56312  94.33  29.67 2991.8
56317  94.22  29.22 2950.0
56331  97.83  29.67 3780.0
56342  98.60  29.68 3870.0
56357 100.30  29.05 3727.7
56374 101.97  30.05 2615.7
56376 102.68  29.35  795.9
56385 103.33  29.52 3047.4
56386 103.75  29.57  424.2
56434  97.47  28.65 2327.6
56441  99.28  28.72 2422.9
56444  98.92  28.48 3319.0
56459 101.27  27.93 2426.5
56462 101.50  29.00 2987.3
56475 102.52  28.65 1659.0
56479 102.85  28.00 2132.4
56485 103.58  28.27 1255.8
56492 104.60  28.80  340.8
56533  98.67  27.75 1583.3
56543  99.70  27.83 3276.1
56548  99.28  27.17 2325.6
56565 101.52  27.43 2545.0
56571 102.27  27.90 1590.9
56586 103.72  27.35 1949.5
56651 100.22  26.87 2392.4
56664 101.27  26.63 1244.8
56666 101.72  26.58 1190.1
56671 102.25  26.65 1787.1
56674 101.73  26.50 1108.0
56684 103.28  26.42 2109.5
56691 104.28  26.87 2237.5
56739  98.50  25.02 1654.6
56741  98.82  25.98 1804.9
56748  99.17  25.12 1653.5
56751 100.18  25.70 1990.5
56763 101.87  25.73 1120.2
56768 101.53  25.02 1772.0
56778 102.68  25.02 1892.4
56786 103.83  25.58 1898.7
56793 104.62  25.78 1515.2
56838  97.85  24.02  776.6
56856 100.87  24.47 1162.3
56875 102.55  24.35 1636.7
56880 103.17  24.92 1532.1
56886 103.77  24.53 1704.3
56945  99.08  23.57  511.4
56946  99.40  23.55 1104.4
56951 100.08  23.88 1502.4
56954  99.93  22.57 1054.8
56959 100.78  22.00  582.0
56964 100.97  22.78 1302.1
56966 101.98  23.60  400.9
56969 101.57  21.48  631.9
56977 101.85  22.58 1119.5
56985 103.38  23.38 1300.7
56986 103.68  22.98 1414.1
56994 104.25  23.38 1271.6
57006 105.75  34.58 1141.7
57016 107.13  34.35  612.4
57034 108.22  34.25  447.8
57036 108.93  34.30  397.5
57046 110.08  34.48 2064.9
57051 111.20  34.80  409.9
57067 111.03  34.05  568.8
57071 112.43  34.83  323.3
57073 112.47  34.63  137.1
57077 111.60  33.78  750.1
57083 113.65  34.72  110.4
57089 113.85  34.02   66.8
57091 114.38  34.77   72.5
57106 106.15  33.32  794.2
57127 107.03  33.07  509.5
57134 107.98  33.53 1087.7
57143 109.97  33.87  742.2
57144 109.15  33.43  693.7
57156 111.50  33.30  250.3
57178 112.58  33.03  129.2
57181 113.05  33.88  136.4
57193 114.52  33.78   52.6
57206 105.85  32.43  492.4
57232 108.27  33.05  484.9
57237 108.03  32.07  674.0
57245 109.03  32.72  290.8
57251 110.42  33.00  249.1
57253 110.82  32.85  201.9
57259 110.77  32.03  426.9
57265 111.67  32.38   90.0
57279 112.75  32.15  125.5
57290 114.02  33.00   82.7
57297 114.05  32.13  114.5
57306 105.97  31.58  382.6
57313 106.77  31.87  417.7
57328 107.50  31.20  344.9
57348 109.50  31.05  607.3
57355 110.40  31.07  294.5
57378 112.57  31.17   65.8
57385 113.82  31.62   93.3
57399 115.02  31.18   59.3
57405 105.58  30.50  278.2
57411 106.10  30.78  309.3
57426 107.80  30.68  454.5
57432 108.40  30.77  186.7
57447 109.47  30.28  457.1
57451 110.23  30.78 1819.3
57458 110.67  30.20  619.9
57461 111.30  30.70  133.1
57476 112.18  30.33   32.6
57483 113.17  30.67   34.1
57494 114.13  30.62   23.1
57504 105.05  29.58  347.1
57515 106.48  29.52  351.1
57516 106.47  29.58  259.1
57522 107.42  29.75  273.5
57537 108.17  29.30  310.6
57545 109.42  29.52  459.5
57554 110.17  29.40  322.2
57562 111.37  29.58  116.9
57574 112.40  29.37   36.0
57583 113.92  29.98   36.0
57584 113.08  29.38   53.0
57598 114.58  29.03  146.8
57602 105.43  28.88  334.8
57606 106.83  28.13  972.0
57608 105.43  28.17  377.5
57614 106.22  28.33 1180.2
57622 107.15  28.95 1905.9
57633 108.77  28.83  664.1
57649 109.73  28.32  208.4
57655 110.40  28.47  151.6
57662 111.68  29.05   35.0
57669 111.22  28.38  128.3
57671 112.37  28.85   36.0
57679 113.08  28.20   44.9
57682 113.57  28.72  106.3
57687 112.92  28.22   68.0
57707 105.28  27.30 1510.6
57713 106.88  27.70  843.9
57722 107.47  27.77  791.8
57731 108.25  27.95  416.3
57741 109.18  27.72  279.7
57745 109.68  27.45  272.2
57765 110.42  27.33 1404.9
57766 111.47  27.23  248.6
57774 112.17  27.45  100.0
57776 112.70  27.30 1265.9
57780 113.17  27.87   74.6
57793 114.38  27.80  131.3
57799 114.97  27.12   76.4
57803 106.02  27.03 1232.3
57806 105.92  26.25 1392.9
57816 106.72  26.58 1074.3
57825 107.98  26.60  720.3
57832 108.67  26.97  610.5
57845 109.78  26.17  397.5
57853 110.63  26.73  341.0
57866 111.62  26.23  172.6
57872 112.60  26.90  104.7
57874 112.40  26.42  116.6
57883 113.97  26.72  263.1
57896 114.50  26.33  126.1
57902 105.18  25.43 1378.5
57906 106.08  25.18  566.8
57916 106.77  25.43  440.3
57922 107.55  25.83 1013.3
57932 108.53  25.97  285.7
57947 109.40  25.22  121.3
57957 110.30  25.32  164.4
57965 111.60  25.53  192.2
57972 113.03  25.80  184.9
57993 114.95  25.85  123.8
57996 114.32  25.13  133.8
58005 115.67  34.45   50.1
58015 116.33  34.42   43.2
58027 117.15  34.28   41.0
58040 119.12  34.83    3.3
58102 115.77  33.87   37.7
58122 116.98  33.63   25.9
58138 118.52  32.98   40.8
58144 119.03  33.60   17.5
58150 120.25  33.77    2.0
58203 115.82  32.92   30.6
58208 115.67  32.17   57.1
58215 116.78  32.55   22.7
58221 117.38  32.95   18.7
58236 118.30  32.30   27.5
58238 118.80  32.00    8.9
58241 119.45  32.80    5.4
58251 120.32  32.87    4.3
58259 120.88  31.98    6.1
58265 121.60  32.07    5.5
58311 116.50  31.75   60.5
58314 116.32  31.40   68.1
58319 116.95  31.07   85.4
58321 117.23  31.87   27.9
58326 117.87  31.62   22.4
58334 118.38  31.33   14.8
58338 118.58  31.15   21.1
58343 119.93  31.77    4.9
58345 119.48  31.43    7.2
58358 120.43  31.07   17.5
58362 121.48  31.40    6.0
58367 121.43  31.17    2.6
58402 115.67  30.73  123.8
58407 115.05  30.25   19.6
58424 117.05  30.53   19.8
58436 118.98  30.62   89.4
58437 118.15  30.13 1840.4
58445 119.42  30.35 1505.9
58457 120.17  30.23   41.7
58464 121.08  30.62    5.4
58467 121.27  30.20    3.5
58472 122.45  30.73   79.6
58477 122.10  30.03   35.7
58502 116.00  29.73   36.1
58506 115.98  29.58 1164.5
58519 116.68  29.00   40.1
58527 117.20  29.30   61.5
58531 118.28  29.72  142.7
58549 119.65  29.12   62.6
58556 120.82  29.60  104.3
58562 121.57  29.87    4.8
58569 121.95  29.20  128.4
58606 115.92  28.60   46.7
58608 115.55  28.07   30.4
58626 117.22  28.30   51.2
58633 118.87  28.97   66.9
58634 118.25  28.68  116.3
58646 119.92  28.45   60.8
58647 119.13  28.07  195.5
58653 120.92  28.82 1383.1
58659 120.65  28.03   28.3
58665 121.42  28.62    1.3
58666 121.90  28.45   86.2
58667 121.27  28.08   95.9
58715 116.65  27.58   80.8
58725 117.47  27.33  192.6
58726 117.83  27.95 1401.9
58730 118.03  27.77  222.1
58731 118.53  27.92  276.9
58734 118.12  27.33  196.9
58737 118.32  27.05  154.9
58754 120.20  27.33   36.2
58813 116.33  26.85  143.8
58820 117.17  26.90  342.9
58834 118.17  26.65  125.6
58847 119.28  26.08   84.0
58911 116.37  25.85  310.0
58918 116.42  25.05  198.0
58921 117.35  25.97  206.0
58927 117.03  25.10  342.3
58931 118.10  25.72 1653.5
58933 118.98  26.92  869.5
58944 119.78  25.52   32.4
59007 105.07  24.07 1249.6
59021 107.03  24.55  484.6
59023 108.05  24.70  211.0
59037 108.10  23.93  170.8
59046 109.40  24.35   96.8
59058 110.52  24.20  145.7
59065 111.53  24.42  108.8
59072 112.38  24.78   98.3
59082 113.60  24.68   60.7
59087 113.53  23.87   67.8
59096 114.48  24.37  214.8
59102 115.65  24.95  303.9
59117 116.10  24.27   87.8
59126 117.65  24.50   28.9
59133 118.92  24.90   21.8
59134 118.07  24.48  139.4
59209 105.83  23.42  793.6
59211 106.60  23.90  173.5
59218 106.42  23.13  739.4
59224 107.12  23.57  111.2
59228 107.58  23.32  108.8
59242 109.23  23.75   84.9
59254 110.08  23.40   42.5
59265 111.30  23.48  114.8
59271 112.43  23.63   56.8
59278 112.45  23.03   41.0
59287 113.33  23.17   41.7
59293 114.68  23.73   40.6
59294 113.82  23.30    8.8
59298 114.42  23.08   22.4
59303 115.77  23.93  120.9
59316 116.68  23.40    1.1
59317 116.30  23.03   12.9
59321 117.50  23.78   53.3
59324 117.03  23.43    7.2
59417 106.85  22.33  128.8
59431 108.35  22.82   73.1
59446 109.30  22.42   66.6
59453 110.17  22.65   81.8
59456 110.93  22.35   84.6
59462 111.57  22.77   53.3
59478 112.78  22.25   32.7
59493 114.10  22.55   18.2
59501 115.37  22.80   17.3
59626 107.97  21.53   22.1
59632 108.62  21.95    4.5
59644 109.13  21.45   12.8
59647 109.10  21.03   55.2
59658 110.40  21.22   25.3
59663 111.97  21.87   23.3
59664 111.00  21.50   11.8
59673 112.77  21.73   21.5
59754 110.17  20.33   67.9
59758 110.35  20.03   13.9
59838 108.62  19.10    8.4
59845 109.58  19.52  168.7
59849 109.83  19.03  250.9
59855 110.47  19.23   24.0
59948 109.52  18.23    5.9
59954 110.03  18.50   13.9
59981 112.33  16.83    4.7
59985 111.62  16.53    4.0